# 100
0.199621 -0.230237 587.081480 117.416296 1.000000e-07
3.062352 0.228262 1043.700409 208.740082 1.000000e-07
3.273611 0.148186 1043.700409 208.740082 1.000000e-07
0.369807 0.293828 1108.931684 221.786337 1.000000e-07
4.428323 -1.042441 1206.778598 241.355720 1.000000e-07
0.429799 0.605220 1206.778598 241.355720 1.000000e-07
5.184824 -0.274308 1272.009873 254.401975 1.000000e-07
1.273603 0.559262 1337.241149 267.448230 1.000000e-07
5.067061 1.098466 1467.703700 293.540740 1.000000e-07
5.100211 -0.708923 1467.703700 293.540740 1.000000e-07
3.005665 -0.155048 1500.319337 300.063867 1.000000e-07
0.905990 -0.759922 1500.319337 300.063867 1.000000e-07
5.663379 -0.735789 1500.319337 300.063867 1.000000e-07
4.403688 -1.233619 1532.934975 306.586995 1.000000e-07
5.456586 -0.768337 1565.550613 313.110123 1.000000e-07
1.159753 -0.297652 1565.550613 313.110123 1.000000e-07
1.973544 0.159690 1630.781889 326.156378 1.000000e-07
2.183331 -0.172046 1630.781889 326.156378 1.000000e-07
2.052383 0.552911 1761.244440 352.248888 1.000000e-07
1.724345 0.524187 1793.860077 358.772015 1.000000e-07
5.779772 0.043268 1859.091353 371.818271 1.000000e-07
4.433677 0.348977 1859.091353 371.818271 1.000000e-07
5.869771 -0.199645 1859.091353 371.818271 1.000000e-07
2.123623 -0.561819 1891.706991 378.341398 1.000000e-07
1.453066 0.528558 1989.553904 397.910781 1.000000e-07
3.155842 0.127119 2022.169542 404.433908 1.000000e-07
4.063670 -0.190210 2087.400817 417.480163 1.000000e-07
0.138691 0.407519 2120.016455 424.003291 1.000000e-07
4.559576 -0.167966 2120.016455 424.003291 1.000000e-07
2.327851 -1.155923 2152.632093 430.526419 1.000000e-07
4.923917 -0.017543 2185.247731 437.049546 1.000000e-07
5.513337 -0.369372 2283.094644 456.618929 1.000000e-07
0.847558 -0.890756 2283.094644 456.618929 1.000000e-07
1.510651 -0.095865 2315.710282 463.142056 1.000000e-07
2.102963 -0.993870 2315.710282 463.142056 1.000000e-07
4.840778 -0.821275 2315.710282 463.142056 1.000000e-07
4.620610 0.938529 2348.325920 469.665184 1.000000e-07
4.676152 -0.575663 2348.325920 469.665184 1.000000e-07
2.362292 -1.018601 2348.325920 469.665184 1.000000e-07
3.057109 -0.664907 2348.325920 469.665184 1.000000e-07
2.991930 -0.810778 2380.941557 476.188311 1.000000e-07
1.800542 -1.224786 2380.941557 476.188311 1.000000e-07
4.798866 0.056184 2413.557195 482.711439 1.000000e-07
6.113569 0.426944 2478.788471 495.757694 1.000000e-07
5.424103 -0.258774 2478.788471 495.757694 1.000000e-07
3.426498 -1.133281 2511.404108 502.280822 1.000000e-07
3.346610 -0.610216 2511.404108 502.280822 1.000000e-07
4.107138 -1.176141 2511.404108 502.280822 1.000000e-07
5.139094 0.534556 2576.635384 515.327077 1.000000e-07
4.139653 -0.642054 2576.635384 515.327077 1.000000e-07
1.477855 -0.265100 2576.635384 515.327077 1.000000e-07
1.812689 0.173708 2576.635384 515.327077 1.000000e-07
5.738100 0.647038 2609.251022 521.850204 1.000000e-07
4.332549 -0.401327 2641.866660 528.373332 1.000000e-07
4.890972 -0.032025 2707.097935 541.419587 1.000000e-07
4.306584 -1.143550 2707.097935 541.419587 1.000000e-07
5.709035 -0.932915 2837.560486 567.512097 1.000000e-07
5.031693 -0.361763 2837.560486 567.512097 1.000000e-07
5.092367 0.658996 2870.176124 574.035225 1.000000e-07
0.984589 1.212815 2870.176124 574.035225 1.000000e-07
2.283270 0.389478 2935.407399 587.081480 1.000000e-07
3.773504 0.155812 2935.407399 587.081480 1.000000e-07
1.615127 -0.224971 2935.407399 587.081480 1.000000e-07
4.265802 0.042236 2968.023037 593.604607 1.000000e-07
3.951456 -0.834965 3033.254313 606.650863 1.000000e-07
3.733389 0.528417 3065.869951 613.173990 1.000000e-07
4.081195 -0.249108 3065.869951 613.173990 1.000000e-07
4.460822 0.193404 3131.101226 626.220245 1.000000e-07
4.283253 -0.954500 3131.101226 626.220245 1.000000e-07
1.733484 0.862797 3131.101226 626.220245 1.000000e-07
0.135426 -0.526231 3131.101226 626.220245 1.000000e-07
4.497183 0.929021 3131.101226 626.220245 1.000000e-07
3.654020 -0.536956 3131.101226 626.220245 1.000000e-07
4.022283 1.015323 3163.716864 632.743373 1.000000e-07
0.589255 -0.184898 3228.948139 645.789628 1.000000e-07
4.555672 -0.780172 3228.948139 645.789628 1.000000e-07
5.359913 1.307778 3261.563777 652.312755 1.000000e-07
4.855363 1.528288 3326.795053 665.359011 1.000000e-07
5.698547 -0.504606 3359.410690 671.882138 1.000000e-07
4.283091 -1.385684 3392.026328 678.405266 1.000000e-07
4.543440 -1.491050 3392.026328 678.405266 1.000000e-07
3.817320 -0.705555 3424.641966 684.928393 1.000000e-07
2.434959 -0.435989 3424.641966 684.928393 1.000000e-07
1.177755 0.772786 3424.641966 684.928393 1.000000e-07
4.208525 -0.912441 3457.257604 691.451521 1.000000e-07
4.965723 1.154954 3489.873242 697.974648 1.000000e-07
3.125263 -1.122846 3522.488879 704.497776 1.000000e-07
4.496016 -0.641455 3555.104517 711.020903 1.000000e-07
1.058585 0.896045 3555.104517 711.020903 1.000000e-07
5.327236 0.425754 3555.104517 711.020903 1.000000e-07
1.310475 -0.287341 3587.720155 717.544031 1.000000e-07
6.184110 1.109942 3620.335793 724.067159 1.000000e-07
5.554300 0.925050 3652.951430 730.590286 1.000000e-07
3.392619 -0.342930 3652.951430 730.590286 1.000000e-07
4.808755 0.622985 3685.567068 737.113414 1.000000e-07
3.003238 -1.233263 3685.567068 737.113414 1.000000e-07
4.138559 0.136272 3685.567068 737.113414 1.000000e-07
2.105817 -0.170234 3685.567068 737.113414 1.000000e-07
6.057864 -1.205808 3685.567068 737.113414 1.000000e-07
0.167559 -0.392537 3685.567068 737.113414 1.000000e-07
