3.611052e-03
3.213518e-02
8.607640e-04
2.265842e-02
1.342250e+01
3.568376e-01
8.506852e-02
2.176601e+00
5.479580e-04
5.659565e+00
1.631332e-01
2.631863e-01
5.599652e-02
2.481713e-02
6.368898e-03
3.093189e+00
6.349616e-04
2.028685e-01
9.713546e-02
4.404292e-02
2.721860e+00
3.299870e-03
9.379102e-05
1.525386e-03
1.634018e+00
6.226700e+01
1.086464e+02
2.517792e+00
2.805656e-02
1.752770e+00
3.251237e-02
1.187768e-03
2.172805e-04
5.418028e-02
9.448686e-01
2.429034e-02
3.165049e-05
1.085043e+00
4.236793e+00
8.210151e-01
3.244526e+00
1.940535e-03
9.543003e-01
9.173595e+00
3.276066e+01
6.336769e-02
8.992429e+00
1.888510e-01
2.676908e-04
8.917962e-03
1.713120e-01
8.834908e-03
4.335964e+01
1.371051e-03
2.878162e+00
1.614591e+01
7.426523e+01
3.229161e+00
4.987303e-04
5.645556e+01
6.310108e-04
7.114450e+00
5.424931e+00
2.335235e+00
5.131030e+00
1.331040e+01
8.759744e-02
3.916069e-04
5.567002e+00
1.163704e-04
5.393105e+00
1.308801e-03
9.402842e-02
7.076155e-03
4.546609e-03
1.561504e-03
1.587338e+00
2.685898e+01
2.881942e-02
8.515583e+00
1.517358e+02
1.047366e-03
1.929461e-01
1.902712e-04
2.682674e-04
5.864454e-03
1.007418e-01
2.102955e-01
3.060928e-03
3.476680e+01
1.286097e-03
5.511561e-02
5.129816e-01
4.818890e-01
3.532850e-02
2.118832e-03
4.971833e-01
2.599707e+00
2.032015e-03
2.372568e-01
